24.068122956308589  24.068122956308883  24.366942325060947  24.068122956308468  24.068122956309285  24.366942325060947   24.068122956308418  24.068122956308837  24.366942325060947  24.068122956308542  24.068122956309232  24.366942325060947
  0.990216314582383  -0.000000000000000  -0.000000000000002
   0.000000000000002   0.990216314582367   0.000000000000006
                   0  -0.000000000000000   1.020000000000000
 0.990641741314584   0.000000000000001  -0.000000000000000
   0.000000000000001   0.990641741314569  -0.000000000000000
  -0.000000000000001   0.000000000000006   1.018981165360496
  0.999619448693225  -0.000000000000001  -0.000000000000001
   0.000000000000001   0.999619448693225   0.000000000000006
   0.000000000000001  -0.000000000000006   1.000901718962763
